3212       2020.06.01    32062    21       600       2
1220       2019.07.17    32070    22       700       2
3232       2020.03.08    32032    23       300       2
3248       2023.04.22    32048    24       400       2
6452       2024.02.13    34022    45       200       4
6546       2020.03.14    35036    54       300       5
6542       2021.02.17    35022    54       200       5
8358       2021.03.02    33038    35       300       3
2369       2019.02.18    33029    36       200       3
5231       2019.05.23    32051    23       500       2
